# Sauvegarde

# Gisement
3
# Gisements:
	950 0 150 9000
	100 950 150 9000
	-950 950 150 9000

# nb Base
1
# Bases:
	500 500 8960 0 0 0 1
	#Communication:
	1 0 500 500 500 500 true
	1 519 -981 500 -981 500 true
	2 519 759.5 949.467 759.5 949.467 true
	3 519 240.5 949.467 240.5 949.467 true
	4 519 -19 500 -19 500 true
	5 519 240.5 50.5328 240.5 50.5328 true
	6 519 759.5 50.5328 759.5 50.5328 true
	7 961 -461 500 -461 500 true
	8 1038.61 -601 -981 -601 -981 true
	9 1038.61 -981 -601 -981 -601 true
	10 961 500 -461 500 -461 true
	11 1038.6 -19.5 -601 -19.5 -601 true
	12 1039.08 -399.8 -981 -399.8 -981 true
	13 961 -539 500 -539 500 true
	14 1039 -399.8 -19.5 -399.8 -19.5 true
	15 1039 -19.5 -399.8 -19.5 -399.8 true
	16 961 500 -539 500 -539 true
	17 1039.08 -981 -399.8 -981 -399.8 true
	18 1038.6 -601 -19.5 -601 -19.5 true
	19 442 58 500 58 500 true
	20 755.371 -36 -968 -36 -968 true
	21 1284.23 -307 -499 -307 -499 true
	22 1016.03 -721 -151 -721 -151 true
	23 538.841 770.544 34 770.544 34 true
	24 538.841 229.456 34 229.456 34 true
	25 1015.21 -279 -151 -279 -151 true
	26 1095 1188.07 -351.81 -693.497 -499 false
	27 756.414 -964.041 -968 -964.041 -968 true
	28 442 942 500 942 500 true
	29 756.192 -964.041 -32.8674 -964.041 -32.8674 true
	30 795 999.569 1118.43 -693.497 -501.463 false
	31 720 -52.3968 961.798 -279 -849.268 false
	32 538.841 229.456 966 229.456 966 true
	33 538.841 770.544 966 770.544 966 true
	34 495 879.675 817.604 -722 -849.268 false
	35 420 236.08 826.72 -307 -501.463 false
	36 345 255.334 256.764 -36 -32.8674 false
	37 78 578 500 578 500 true
	38 195 502.537 694.983 507 -963 false
	39 120 475.457 382.537 299 -462 false
	40 45 468.18 468.18 -31 -31 false


