# test 13 / privé / robots meme uid 3
	
# Gisements
12

0.000000 0.000000 150.000000 8000.000000
600 470 150 9000
-890 -990 100 4000
-200 -400 150 9000
-180 -190 50 1000
-320 530 100 4000
390 890 150 9000
-690 470 50 1000
-700 0 100 4000
200 -700 150 9000
180 -190 50 1000
-550 530 100 4000

# nb Base
4
# Base:
    -400.000000 -500.000000 111.000000 3 0 0 1
    # Prospector:
    0 679. -893.905315 743.559884 538.602233 -92.654015 false false false
    2 579. -493.905315 543.559884 538.602233 -92.654015 false false false
    3 479. -93.905315 343.559884 538.602233 -92.654015 false false false
    # Communication:
    1 0.000000 -400.000000 -500.000000 -400.000000 -500.000000 true

    -60.000000 -500.000000 245. 1 1 1 1
    # Prospector:
    0 37.821925 135.731179 -103.004101 829.043805 -672.914168 false false false
    # Drilling:
    2 353.587133 -17.871783 -138.931526 -17.871783 -138.931526 true
    # Transport:
    3 150.000000 -42.128217 -351.068474 -17.871783 -138.931526 false false
    # Communication:
    1 0.000000 -60.000000 -500.000000 -60.000000 -500.000000 true
    

    60.000000 -500.000000 244. 2 1 1 4
    # Prospector:
    0 10. 0. 0. 0. 0.  true true true 0. 0. 150. 8000.
    2 10.000000 55.956352 -509.145978 -148.348523 -971.245444 false false false
    # Drilling:
    3 353.587133 17.871783 -138.931526 17.871783 -138.931526 true
    # Transport:
    7 150.000000 42.128217 -351.068474 17.871783 -138.931526 false false
    # Communication:
    1 0.000000 60.000000 -500.000000 60.000000 -500.000000 true
    4 403.050865 -225.000000 -785.000000 -225.000000 -785.000000 true
    5 285.000000 -225.000000 -500.000000 -225.000000 -500.000000 true
    6 403.050865 -225.000000 -215.000000 -225.000000 -215.000000 true



    400.000000 -500.000000 111.000000 1 0 0 1
    # Prospector:
    0 3.257866 307.671579 -246.949511 736.950329 -449.296396 false false false
    # Communication:
    1 0.000000 400.000000 -500.000000 400.000000 -500.000000 true


